464 2068 7586 21831 18045 625 262 16931 3290 1539 8199 6815 11 6395
464 4252 373 22751 35254 287 262 1598 4171 6766 1539 21604 1800 11 17469 10738
464 3797 1308 445 2695 49288 319 616 14779 1539 21604 1800 11 18081
464 1263 2266 1097 10357 866 262 4675 1539 8199 6815 11 44893
464 649 11745 318 1107 3608 1539 21604 1800 11 44893
40 1842 2712 11783 351 616 2460 1539 21604 1800 11 18153
464 3807 373 14262 290 1165 890 1539 32863 876 11 17469 10738
464 649 2450 318 11675 290 21925 1539 32863 876 11 43921
464 6253 531 314 761 284 1334 329 257 1285 1539 8199 6815 11 18081
464 649 7072 287 3240 318 4998 1539 21604 1800 11 17469 10738
40 1101 4203 6507 290 19095 1909 1539 32863 876 11 18081
464 6193 318 2818 329 257 35715 1539 21604 1800 11 17469 10738
464 649 2008 983 318 523 881 1257 1539 21604 1800 11 17469 10738
40 1101 6568 329 262 7865 14600 1539 21604 1800 11 33074
464 1664 318 1016 832 3176 13156 1539 32863 876 11 24749
464 649 6538 318 845 8030 290 7613 1539 21604 1800 11 24749
464 2057 379 262 7072 373 12625 1539 21604 1800 11 17469 10738
40 1101 2045 2651 284 262 5041 1539 21604 1800 11 17469 10738
464 4979 318 7818 1909 1539 32863 876 11 33074
464 649 1492 318 845 3499 290 30304 1539 21604 1800 11 41183
40 1101 4203 3772 290 2695 1909 1539 21604 1800 11 18081
464 2647 10876 373 4998 1539 21604 1800 11 17469 10738
464 649 2450 468 617 3967 2458 1539 21604 1800 11 43921
464 6253 531 314 761 284 1011 617 14103 1539 8199 6815 11 18081
464 649 11745 3895 318 845 4465 1539 21604 1800 11 44893
40 1101 4203 18116 546 262 2814 1539 32863 876 11 41183
464 6193 318 4692 290 37259 1909 1539 32863 876 11 33074
464 649 7072 468 257 1049 8137 1539 21604 1800 11 17469 10738
40 1101 6568 329 262 10955 2151 1539 21604 1800 11 17469 10738
464 1664 318 1804 880 18786 1539 21604 1800 11 24749
464 649 6538 318 845 14297 290 5924 1539 21604 1800 11 24749
464 2057 379 262 7072 373 7818 1539 32863 876 11 17469 10738
40 1101 2045 2651 284 262 10010 1539 21604 1800 11 17469 10738
464 4979 318 3867 6364 1909 1539 32863 876 11 33074
464 649 1492 318 845 14262 290 555 47914 1539 32863 876 11 41183
40 1101 4203 6507 290 21757 1909 1539 32863 876 11 18081
464 2647 10876 373 14262 1539 32863 876 11 17469 10738
464 649 2450 468 617 4633 2458 1539 32863 876 11 43921
464 6253 531 314 761 284 651 617 1334 1539 8199 6815 11 18081
464 649 11745 3895 318 845 15774 1539 32863 876 11 44893
40 1101 4203 3772 290 6568 1909 1539 21604 1800 11 18081
464 6193 318 3024 290 27737 1909 1539 21604 1800 11 33074
464 649 7072 468 257 1049 6859 1539 21604 1800 11 17469 10738
40 1101 6568 329 262 9912 1539 21604 1800 11 33074
464 1664 318 1016 832 617 2458 1539 8199 6815 11 24749
464 649 6538 318 845 8030 290 28181 1539 21604 1800 11 24749
464 2057 379 262 7072 373 8788 1539 8199 6815 11 17469 10738
40 1101 2045 2651 284 262 5041 1539 21604 1800 11 17469 10738
464 4979 318 3867 2952 1909 1539 21604 1800 11 33074
464 649 1492 318 845 30304 290 7613 1539 21604 1800 11 41183
40 1101 4203 18116 546 262 10470 1539 32863 876 11 41183
464 2647 10876 373 4998 1539 21604 1800 11 17469 10738
464 649 2450 318 845 13205 1539 21604 1800 11 43921
464 6253 531 314 761 284 1011 617 5254 1539 8199 6815 11 18081
464 649 11745 3895 318 845 4465 1539 21604 1800 11 44893
40 1101 4203 3772 290 18397 1909 1539 21604 1800 11 18081
464 6193 318 2818 329 257 18390 1539 21604 1800 11 33074
464 649 7072 468 257 1049 1570 1539 21604 1800 11 17469 10738
40 1101 6568 329 262 10614 1539 21604 1800 11 17469 10738
464 1664 318 1804 880 18786 1539 21604 1800 11 24749
464 649 6538 318 845 14297 290 5924 1539 21604 1800 11 24749
464 2057 379 262 7072 373 12625 1539 21604 1800 11 17469 10738
40 1101 2045 2651 284 262 10010 1539 21604 1800 11 17469 10738
464 4979 318 3867 6364 1909 1539 32863 876 11 33074
464 649 1492 318 845 3499 290 30304 1539 21604 1800 11 41183
40 1101 4203 6507 290 19095 1909 1539 32863 876 11 18081
464 2647 10876 373 14262 1539 32863 876 11 17469 10738
464 649 2450 468 617 3967 2458 1539 21604 1800 11 43921
464 6253 531 314 761 284 1334 329 257 1285 1539 8199 6815 11 18081
464 649 11745 3895 318 845 15774 1539 32863 876 11 44893
